1 0.235697 0.736707 0.022981 0.026779
0 0.324615 0.708942 0.023894 0.182788
0 0.424736 0.704351 0.033077 0.171779
0 0.183149 0.688281 0.102885 0.180024
0 0.128966 0.668065 0.102885 0.159832
0 0.075228 0.648774 0.100120 0.137788
0 0.043534 0.628582 0.060625 0.102885
0 0.545072 0.538558 0.023894 0.084519
0 0.230457 0.550493 0.041346 0.090024
0 0.280060 0.560144 0.037668 0.045000
0 0.693425 0.747993 0.063389 0.170841
0 0.891382 0.688738 0.099207 0.158918
0 0.784784 0.738810 0.062548 0.167188
1 0.743281 0.777728 0.015937 0.036370
1 0.820469 0.741046 0.017236 0.029351
1 0.305745 0.551286 0.011827 0.015505
