0 0.166346 0.283474 0.067981 0.098293
0 0.479026 0.250300 0.056226 0.088197
0 0.777993 0.215300 0.024976 0.060601
0 0.708245 0.223281 0.020721 0.053149
0 0.739339 0.208137 0.014880 0.060072
0 0.668642 0.213185 0.018053 0.058486
0 0.216575 0.826538 0.187284 0.346923
0 0.537368 0.856538 0.087284 0.286923
0 0.659591 0.801178 0.125385 0.382548
0 0.833401 0.811502 0.117476 0.247620
0 0.686575 0.509111 0.077764 0.160337
0 0.954796 0.733714 0.090409 0.342861
0 0.219688 0.244315 0.035096 0.074639
0 0.261466 0.222933 0.024231 0.066346
0 0.354279 0.196154 0.023606 0.068894
